Ejercicio 6
Aplique el algoritmo BuildHeap, para construir una min-heap en tiempo lineal, con los siguientes valores
{150, 80, 40, 10, 70, 110, 30, 120, 140, 60, 50, 130, 100, 20, 90}
--------------------------------------------------------------------------------------------------------
                                                    150
                            80                                                  40
                10                      70                          110                     30
        120             140     60              50          130             100     20              90
--------------------------------------------------------------------------------------------------------
filtramos el 30
                                                    150
                            80                                                  40
                10                      70                          110                     20
        120             140     60              50          130             100     30              90
--------------------------------------------------------------------------------------------------------
filtramos el 110
                                                    150
                            80                                                  40
                10                      70                          100                     20
        120             140     60              50          130             110     30              90
--------------------------------------------------------------------------------------------------------
filtramos el 70
                                                    150
                            80                                                  40
                10                      50                          100                     20
        120             140     60              70          130             110     30              90
--------------------------------------------------------------------------------------------------------
filtramos el 10
                                                    150
                            80                                                  40
                10                      50                          100                     20
        120             140     60              70          130             110     30              90
--------------------------------------------------------------------------------------------------------
filtramos el 40
                                                    150
                            80                                                  20
                10                      50                          100                     30
        120             140     60              70          130             110     40              90
--------------------------------------------------------------------------------------------------------
filtramos el 80
                                                    150
                            10                                                  20
                80                      50                          100                     30
        120             140     60              70          130             110     40              90
--------------------------------------------------------------------------------------------------------
filtramos el 150
                                                    10
                            50                                                  20
                80                      60                          100                     30
        120             140     150              70          130             110     40              90

