Ejercicio 11
a) Ordenar en forma creciente los datos del ejercicio anterior, usando el algoritmo HeapSort.
b) ¿Cuáles serían los pasos a seguir si se quiere ordenar en forma decreciente?

---------------------------------------------------------------------------------------------------
A[i]: 11 21 27 37 36 34 32 43 44 42 51 62

primero debemos armar una max-heap 

                                                62
                                51                                  34
                        44              42                  27              32
                    43      37      21      36          11
    
Ahora empezamos a ordenar...

[62 51 34 44 42 27 32 43 37 21 36 11]

                                                62
                                51                                  34
                        44              42                  27              32
                    43      37      21      36          11
--------------------------------------------------------------------------------------
[51 44 34 43 42 27 32 11 37 21 36] 62

                                                51
                                44                                  34
                        43              42                  27              32
                    11      37      21      36        
--------------------------------------------------------------------------------------
[44 43 34 37 42 27 32 11 36 21] 51 62

                                                44
                                43                                  34
                        37              42                  27              32
                    11      36      21           
--------------------------------------------------------------------------------------
[43 42 34 37 21 27 32 11 36] 44 51 62

                                                43
                                42                                  34
                        37              21                  27              32
                    11      36              
--------------------------------------------------------------------------------------
[42 37 34 36 21 27 32 11] 43 44 51 62

                                                42
                                37                                  34
                        36              21                  27              32
                    11                   
--------------------------------------------------------------------------------------
[37 36 34 11 21 27 32] 42 43 44 51 62

                                                37
                                36                                  34
                        11              21                  27              32                  
--------------------------------------------------------------------------------------
[36 32 34 11 21 27] 37 42 43 44 51 62

                                                36
                                32                                  34
                        11              21                  27                            
--------------------------------------------------------------------------------------
[34 32 27 11 21] 36 37 42 43 44 51 62

                                                34
                                32                                  27
                        11              21                                           
--------------------------------------------------------------------------------------
[32 21 27 11] 34 36 37 42 43 44 51 62

                                                32
                                21                                  27
                        11                                                      
--------------------------------------------------------------------------------------
[27 21 11] 32 34 36 37 42 43 44 51 62

                                                27
                                21                                  11                                                      
--------------------------------------------------------------------------------------
[21 11] 27 32 34 36 37 42 43 44 51 62

                                                21
                                11                                                                                   
--------------------------------------------------------------------------------------
[11] 21 27 32 34 36 37 42 43 44 51 62
                                11                                                                                   
--------------------------------------------------------------------------------------


b) Si se quiere ordenar en forma decreciente primero se deberia armar una min-heap 
y a partir de ahi empezar a ordenar.
