Ejercicio 1
A partir de una heap inicialmente vacía, inserte de a uno los siguientes valores:
6, 4, 15, 2, 10, 11, 8, 1, 13, 7, 9, 12, 5, 3, 14


                                    
                                    6
---------------------------------------------------------------------------------
                                    6
                4   
---------------------------------------------------------------------------------
                                    6
                4                                       15
---------------------------------------------------------------------------------
                                    6
                4                                       15
        2
---------------------------------------------------------------------------------
                                    6
                4                                       15
        2               10
---------------------------------------------------------------------------------
                                    6
                4                                       15
        2               10                      11
---------------------------------------------------------------------------------
                                    6
                4                                       15
        2               10                      11              8
---------------------------------------------------------------------------------
                                    6
                4                                       15
        2               10                      11              8
    1
---------------------------------------------------------------------------------
                                    6
                4                                       15
        2               10                      11              8
    1       13
---------------------------------------------------------------------------------
                                    6
                4                                       15
        2               10                      11              8
    1       13      7
---------------------------------------------------------------------------------
                                    6
                4                                       15
        2               10                      11              8
    1       13      7       9
---------------------------------------------------------------------------------
                                    6
                4                                       15
        2               10                      11              8
    1       13      7       9               12
---------------------------------------------------------------------------------
                                    6
                4                                       15
        2               10                      11              8
    1       13      7       9               12      5
---------------------------------------------------------------------------------
                                    6
                4                                       15
        2               10                      11              8
    1       13      7       9               12      5       3
---------------------------------------------------------------------------------
                                    6
                4                                       15
        2               10                      11              8
    1       13      7       9               12      5       3       14
---------------------------------------------------------------------------------









